label,node_idx,number_neighbors,prediction_explain,prediction_full,prediction_explain_binary,abstract,address,author,booktitle,carriedOutBy,carriesOut,chapter,dealtWithIn,edition,editor,fax,financedBy,finances,hasProject,head,homepage,howpublished,isAbout,isWorkedOnBy,isbn,journal,member,month,name,note,number,pages,phone,photo,projectInfo,publication,publishes,series,title,type,volume,worksAtProject,year,type,type,range,subClassOf,allValuesFrom,inverseOf,onProperty
[0],5678,1140,[0.4435194  0.19518936 0.29140848 0.06988279],[9.8646963e-01 5.4700294e-04 1.2982166e-02 1.1929498e-06],[0.4287234  0.17729272 0.28236577 0.11161815],,,48.0,,,,,,,4.0,,,,,,,,,26.0,,,8.0,,2.0,,,,,,,46.0,,,,804,,,,804,804,,,,,
[0],5724,1070,[0.2957094  0.24515146 0.23406924 0.22506988],[0.39725292 0.20592682 0.26314494 0.13367526],[0.27687928 0.26226825 0.21281205 0.24804042],,,2.0,,,,,,,,88.0,,,,,16.0,,,,,,,,2.0,,,,56.0,,,,,,,776,,,,776,776,,,,,
[0],5699,1064,[0.26652363 0.25171816 0.25077888 0.23097938],[0.26639837 0.256873   0.22420037 0.2525283 ],[0.25930703 0.25326306 0.26683432 0.2205956 ],,,,,,,,,,,32.0,,,,,8.0,,,,,,,,,,,,30.0,,,,,,,1152,,,,1152,1152,,,,,
[0],5688,1061,[0.27138084 0.2483849  0.25170162 0.22853269],[0.28961223 0.24187674 0.23310687 0.2354041 ],[0.25930703 0.25326306 0.26683432 0.2205956 ],,,,,,,,,,,18.0,,,,,,,,,,,,,,,,,22.0,,,,,,,1120,,,,1120,1120,,,,,
[0],5702,1065,[0.2919262  0.24042135 0.24313216 0.22452033],[0.31579158 0.21419065 0.29872063 0.17129713],[0.27296308 0.24651305 0.24765301 0.23287088],,,,,,,,,,,90.0,,,,,,,,,,,,,,,,,52.0,,,2.0,,,,768,,,,768,768,,,,,
[0],5714,1061,[0.2882633  0.2396044  0.2346609  0.23747149],[0.28961223 0.24187674 0.23310687 0.2354041 ],[0.2975197  0.22821839 0.23861945 0.2356424 ],,,,,,,,,,,92.0,,,,,,,,,,,,,2.0,,,,56.0,,,,,,,850,,,,850,850,,,,,
[0],5708,1064,[0.27519226 0.24739228 0.23205163 0.24536388],[0.26639837 0.256873   0.22420037 0.2525283 ],[0.27405208 0.23705292 0.24565066 0.2432443 ],,,,,,,,,,,,,,,,,,,,,,,,,,,,,,,,,,,1088,,,,1088,1088,,,,,
[0],5843,1099,[0.3362765  0.23856275 0.24433652 0.18082425],[0.82291853 0.06063034 0.10464665 0.01180454],[0.3227171  0.21629317 0.21755649 0.24343324],,,16.0,,,,,,,,80.0,,,,,2.0,,,18.0,,,6.0,,2.0,,,,54.0,,,10.0,,,,774,,,,774,774,,,,,
[0],5873,1051,[0.27689373 0.25170675 0.23748706 0.23391247],[0.2731447  0.2547929  0.23922442 0.23283799],[0.2622701  0.2739788  0.24735762 0.21639353],,,,,,,,,,,2.0,,,,,,,,,,,,,,,,,2.0,,,,,,,758,,,,758,758,,,,,
[0],5697,1064,[0.2683148  0.2629145  0.24041975 0.2283509 ],[0.26639837 0.256873   0.22420037 0.2525283 ],[0.2622701  0.2739788  0.24735762 0.21639353],,,,,,,,,,,34.0,,,,,8.0,,,,,,,,,,,,30.0,,,,,,,1152,,,,1152,1152,,,,,
[0],5783,1078,[0.3118548  0.23512226 0.26747194 0.18555103],[0.39413357 0.11826013 0.4409748  0.04663156],[0.31565306 0.24492013 0.28088024 0.15854657],,,8.0,,,,,,,,12.0,,,,,,,,10.0,,,,,4.0,,,,4.0,2.0,,12.0,,,,732,,,,732,732,,,,,
[0],5701,1064,[0.27534804 0.24712873 0.23209707 0.24542615],[0.26639837 0.256873   0.22420037 0.2525283 ],[0.27405208 0.23705292 0.24565066 0.2432443 ],,,,,,,,,,,,,,,,,,,,,,,,,,,,,,,,,,,1088,,,,1088,1088,,,,,
[0],5845,1144,[0.43946496 0.1930556  0.2743303  0.09314914],[9.8531187e-01 1.8278176e-03 1.2831686e-02 2.8650889e-05],[0.42622095 0.14968511 0.36192942 0.06216463],,,42.0,,,,,,,,14.0,,,,,,,,32.0,,,28.0,,,,,,2.0,2.0,,42.0,,,,854,,4.0,,854,854,,,,,
[0],5778,1102,[0.2940666  0.24205072 0.26235104 0.20153151],[0.761623   0.031212   0.19649462 0.01067041],[0.27296308 0.24651305 0.24765301 0.23287088],,,,,,,,,,,8.0,,,,,,,,,,,,,,,,,,,,,,,,1178,,,,1178,1178,,,,,
[1],5731,1120,[0.18069793 0.46333122 0.24087793 0.11509299],[1.1364882e-05 9.9985659e-01 1.3180358e-04 2.2794679e-07],[0.24127254 0.26564068 0.26348376 0.22960305],,,12.0,,,,,,,,20.0,,,,,,,,8.0,,,4.0,,,,,,2.0,,,2.0,,,,188,,4.0,,188,188,,,,,
[1],5905,1056,[0.27352902 0.25077245 0.2473316  0.22836684],[0.15494749 0.54743814 0.21439601 0.08321825],[0.27296308 0.24651305 0.24765301 0.23287088],,,2.0,,,,,,,,,,,,,,,,,,,,,,,,,,,,,,,,78,,,,78,78,,,,,
[1],5808,1103,[0.2686246  0.27027518 0.25405392 0.20704633],[0.33454943 0.45557433 0.18355651 0.02631968],[0.26565835 0.2639584  0.26008192 0.21030137],,,,,,,,,,,30.0,,,,,,,,2.0,,,4.0,,,,,,,,,2.0,,,,1174,,2.0,,1174,1174,,,,,
[1],5785,1109,[0.29192162 0.2463421  0.2515476  0.21018864],[0.06015658 0.74386996 0.19148983 0.00448361],[0.311461   0.22091085 0.220245   0.24738312],,,2.0,,,,,,,,,,,,,,,,2.0,,,2.0,,2.0,,,,,,,2.0,,,,112,,,,112,112,,,,,
[2],5757,1080,[0.18466708 0.17603949 0.54465455 0.09463891],[4.2013343e-07 1.4281601e-06 9.9999809e-01 6.0993544e-09],[0.21052673 0.20758295 0.45591336 0.12597698],,,40.0,,,,,,,,,,,,,,,,,,,,,,,,,,,,36.0,,,,844,,,,844,844,,,,,
[2],5797,1178,[0.06236436 0.09287516 0.83101666 0.01374382],[1.3037322e-17 9.3949744e-12 1.0000000e+00 1.2543196e-22],[0.20892325 0.29205552 0.31626284 0.18275839],,,16.0,,,,,,,,,,,,,,,,8.0,,,12.0,,,,,,,,,6.0,,,,134,,14.0,,134,134,,,,,
[2],5900,1244,[1.6072240e-03 2.8182005e-03 9.9548197e-01 9.2600996e-05],[5.3081997e-33 3.7996071e-27 1.0000000e+00 2.4102334e-43],[0.01160493 0.0150121  0.97215796 0.00122504],,,200.0,,,,,,,,12.0,,,,,,,,78.0,,,22.0,,2.0,,,,,2.0,,160.0,,,,840,,14.0,,840,840,,,,,
[2],5677,1182,[7.5316257e-03 6.2821484e-03 9.8559397e-01 5.9225317e-04],[1.33956075e-14 4.06831222e-16 1.00000000e+00 1.92327712e-21],[0.22104935 0.25262538 0.4379306  0.08839472],,,34.0,,,,,,,,18.0,,,,,,,,,,,,,,,,,,,,30.0,,,,164,,,,164,164,,,,,
[2],5791,1643,[5.4524163e-10 3.4247445e-09 1.0000000e+00 2.5293729e-14],[0. 0. 1. 0.],[3.7470613e-08 2.1078337e-07 9.9999976e-01 4.9690985e-12],,,522.0,,,,,,,38.0,14.0,,,,,,,,130.0,,,76.0,,,,,,,,,532.0,,,,848,,48.0,,848,848,,,,,
[2],5811,1176,[0.23248652 0.26344588 0.33058783 0.17347983],[2.0501494e-09 7.5574186e-05 9.9992442e-01 3.5944112e-10],[0.2758697  0.26647145 0.2293997  0.22825916],,,30.0,,,,,,,,28.0,,,,,,,,18.0,,,16.0,,,,,,,,,16.0,,,,314,,4.0,,314,314,,,,,
[2],5831,1115,[0.26667    0.24673007 0.26733172 0.21926829],[0.01095809 0.03080538 0.95596725 0.0022693 ],[0.27296308 0.24651305 0.24765301 0.23287088],,,4.0,,,,,,,,,,,,,,,,12.0,,,,,,,,,,,,,,,,158,,2.0,,158,158,,,,,
[2],5839,1087,[0.27263024 0.2423749  0.24839245 0.2366024 ],[0.21621688 0.24502543 0.4473324  0.09142534],[0.27405208 0.23705292 0.24565066 0.2432443 ],,,,,,,,,,,,,,,,,,,,,,,,,,,,,,,,,,,1252,,,,1252,1252,,,,,
[2],5755,1158,[0.06235216 0.07344842 0.8502373  0.0139621 ],[1.7424182e-17 4.4296854e-12 1.0000000e+00 7.4923131e-23],[0.26955974 0.24980979 0.27332753 0.20730296],,,8.0,,,,,,,,,,,,,,,,2.0,,,6.0,,,,,,,,,4.0,,,,106,,2.0,,106,106,,,,,
[2],5844,1067,[0.2955666  0.24311976 0.24899372 0.21231988],[0.23809642 0.22055978 0.402747   0.13859674],[0.3109277  0.23790105 0.24867567 0.20249553],,,4.0,,,,,,,,100.0,,,,,4.0,,,,,,,,2.0,,,,8.0,,,4.0,,,,1948,,,,1948,1948,,,,,
[2],5861,1263,[1.6021514e-03 2.0862981e-03 9.9624974e-01 6.1838902e-05],[2.5872646e-27 4.5474126e-27 1.0000000e+00 3.4965807e-37],[0.1848389  0.18583472 0.56615466 0.06317177],,,98.0,,,,,,,,,,,,,,,,22.0,,,4.0,,,,,,,,,80.0,,,,366,,4.0,,366,366,,,,,
